0.006946 0.063384 -0.070122 -0.335066 0.102258 0.042893 -0.105054 0.058587 0.072530 -0.018765 0.097404 -0.090117 -0.092492 0.112342 0.104604 0.136266 -0.009108 -0.026100 -0.119311 -0.121727 -0.141086 0.008107 -0.183210 -0.195510 -0.112847 -0.137452 0.042344 0.021087 0.195332 0.248257 0.255118 
-0.018417 -0.066675 0.152028 0.537281 -0.073938 -0.051093 0.112689 -0.073275 -0.094204 -0.001378 -0.134329 0.130433 0.152176 -0.147709 -0.211695 -0.194552 0.079776 0.044812 0.180375 0.234131 0.217213 0.081050 0.280577 0.233761 0.267555 0.184145 -0.102574 0.006591 -0.307560 -0.351372 -0.427365 
-0.011198 -0.025988 0.052919 0.111505 -0.011272 -0.032833 0.007593 -0.012353 -0.067235 -0.065044 -0.018548 0.022701 0.032936 -0.050785 -0.067187 -0.080324 0.055102 -0.060719 0.076978 0.037004 0.081628 0.036262 0.083258 0.027760 0.051706 0.058254 -0.023462 0.048321 -0.080234 -0.080189 -0.127711 
0.005291 0.064743 -0.098188 -0.399161 0.089288 0.018963 -0.086039 0.039074 0.106372 -0.040793 0.145594 -0.084223 -0.151151 0.117606 0.132938 0.138636 -0.046406 0.017792 -0.121277 -0.156061 -0.155996 -0.028792 -0.150130 -0.157602 -0.148733 -0.152243 0.095370 -0.028449 0.215821 0.249144 0.268171 
0.027103 -0.026484 0.040146 0.233496 -0.076475 0.000671 0.087168 -0.014655 -0.016850 -0.030598 -0.070634 0.084735 0.083391 -0.106323 -0.125463 -0.094197 0.057372 -0.028975 0.033362 0.119620 0.072085 0.001914 0.095699 0.109514 0.127013 0.115026 -0.033996 0.050750 -0.134696 -0.208023 -0.224160 
-0.018077 -0.048782 0.096846 0.403262 -0.072704 -0.027775 0.142592 -0.090518 -0.084001 0.000848 -0.087196 0.097968 0.111992 -0.144996 -0.188136 -0.122941 0.043780 0.028859 0.130234 0.176349 0.155885 0.067814 0.144261 0.165266 0.155693 0.127109 -0.097233 0.024793 -0.230949 -0.242267 -0.255636 
-0.013794 -0.033218 -0.010975 0.017960 -0.033559 -0.039964 0.038023 -0.010303 -0.026937 -0.041476 -0.051244 0.035162 0.033039 0.020936 -0.012970 -0.047170 0.044769 -0.006248 0.023927 -0.002505 0.044578 -0.018188 -0.021392 0.001104 -0.014196 0.012967 0.024968 -0.000036 -0.037080 -0.019856 -0.053324 
-0.022408 0.065716 -0.126618 -0.349539 0.061965 0.018369 -0.098847 0.041183 0.094197 0.005164 0.136982 -0.132203 -0.103025 0.081776 0.105808 0.108789 -0.022761 -0.040963 -0.052382 -0.138455 -0.123348 -0.017129 -0.184293 -0.142172 -0.166013 -0.081661 0.057052 -0.017070 0.226251 0.244276 0.279457 
-0.031170 -0.027893 0.002543 -0.025604 -0.030455 0.027980 0.021361 -0.045176 -0.006773 -0.048249 0.034897 -0.021418 -0.038588 -0.011796 0.032926 0.046715 -0.002850 0.006165 -0.032994 -0.010130 0.023276 -0.003414 -0.013281 -0.038480 0.024264 -0.005746 -0.039925 0.004476 0.048768 0.042612 0.053381 
0.049878 -0.024207 -0.090963 -0.262206 0.014217 0.014595 -0.059637 0.011440 0.041433 -0.034102 0.057737 -0.104057 -0.064952 0.026679 0.106022 0.077703 -0.013216 -0.021247 -0.067946 -0.026814 -0.040095 -0.003636 -0.087474 -0.043759 -0.075259 -0.057124 0.027139 0.040284 0.136569 0.163378 0.181764 
-0.028720 -0.025617 0.032244 0.082517 -0.021318 -0.034161 -0.027964 0.026233 -0.049190 0.041502 0.008344 0.024584 0.026627 -0.004760 -0.008930 0.021304 0.002162 0.021678 0.032991 0.052475 0.041104 0.009394 0.029522 0.021365 0.034215 0.025101 -0.018028 -0.032196 -0.026301 -0.055844 -0.048703 
0.004393 -0.041634 0.151038 0.613898 -0.112418 -0.001483 0.127503 -0.031118 -0.116128 -0.010730 -0.193979 0.135887 0.207694 -0.135140 -0.215665 -0.168505 0.087915 0.012612 0.140849 0.184770 0.168024 0.080174 0.245134 0.246416 0.271568 0.162175 -0.142153 0.065611 -0.329253 -0.363093 -0.385789 
0.022281 -0.090486 0.134554 0.394837 -0.085992 -0.032432 0.106062 -0.069371 -0.096905 -0.029053 -0.129238 0.130325 0.171869 -0.125310 -0.173035 -0.139493 0.083468 0.020352 0.128600 0.165389 0.154624 0.011502 0.154860 0.180967 0.216776 0.142561 -0.081167 0.022551 -0.227704 -0.314624 -0.304829 
0.041303 0.059374 -0.074842 -0.253340 0.048758 0.040216 -0.053594 0.023607 0.048514 0.006462 0.080988 -0.065292 -0.107243 0.040271 0.101488 0.108221 -0.028659 -0.010683 -0.096946 -0.122528 -0.116992 -0.003388 -0.098661 -0.091479 -0.084947 -0.098182 0.093866 -0.006400 0.149510 0.192233 0.194245 
0.025072 -0.041649 0.034245 0.130071 -0.001458 -0.004979 0.058609 -0.049383 -0.031017 -0.016153 -0.015781 0.041306 0.030142 -0.063781 -0.076891 -0.064538 0.002810 -0.027721 0.066422 0.058902 0.054935 -0.011002 0.049707 0.045958 0.044182 0.009930 -0.013361 0.004398 -0.080063 -0.107634 -0.129675 
-0.012961 -0.040721 0.187919 0.622105 -0.143573 -0.039720 0.145824 -0.084467 -0.096959 0.008882 -0.218083 0.189645 0.188254 -0.186442 -0.270173 -0.138533 0.064759 0.038678 0.154971 0.242618 0.242284 0.069715 0.296358 0.308035 0.244049 0.165957 -0.154081 0.064520 -0.288948 -0.391262 -0.426289 
-0.037577 -0.082255 0.181696 0.723557 -0.137536 -0.051029 0.177460 -0.091145 -0.125002 0.030521 -0.205917 0.198986 0.203913 -0.189725 -0.247255 -0.162562 0.053163 0.060329 0.191910 0.227955 0.262572 0.064681 0.272144 0.336002 0.272795 0.169637 -0.157074 0.062293 -0.351744 -0.464460 -0.491619 
-0.012068 0.069025 -0.096211 -0.289538 0.080876 -0.006918 -0.095177 0.045484 0.066769 -0.032635 0.107995 -0.064699 -0.120509 0.101608 0.089409 0.120909 -0.061981 -0.029185 -0.081752 -0.146028 -0.079700 0.013584 -0.094143 -0.126207 -0.119862 -0.106218 0.077297 0.004028 0.184921 0.227229 0.206174 
-0.018880 -0.060447 0.116821 0.459566 -0.084328 -0.008984 0.095313 -0.080317 -0.106595 -0.008257 -0.107698 0.066031 0.111903 -0.083983 -0.176249 -0.131624 0.070262 -0.005012 0.105859 0.157781 0.126033 0.089962 0.202664 0.210110 0.179962 0.132104 -0.124407 0.025213 -0.214441 -0.278074 -0.248452 
-0.025052 0.014156 -0.088976 -0.520452 0.060799 -0.005873 -0.118289 0.060668 0.069692 0.017215 0.142575 -0.100738 -0.157919 0.129656 0.210333 0.101464 -0.061771 -0.040582 -0.163939 -0.127314 -0.142087 -0.006286 -0.239105 -0.210091 -0.172203 -0.127872 0.115008 -0.007556 0.278419 0.326435 0.378910 
0.019829 -0.022857 0.087572 0.402472 -0.101394 -0.038402 0.063743 -0.012631 -0.091303 0.020615 -0.149674 0.060161 0.125192 -0.113735 -0.183269 -0.130920 0.006278 0.043021 0.110625 0.113125 0.089887 0.062681 0.159406 0.187781 0.147439 0.144677 -0.085413 0.020063 -0.156554 -0.270249 -0.286923 
-0.022724 -0.029592 0.159785 0.568257 -0.095496 -0.047461 0.165825 -0.062987 -0.103648 -0.003756 -0.191187 0.182747 0.171760 -0.144057 -0.214114 -0.174389 0.000687 0.023484 0.117437 0.203255 0.203469 0.036925 0.262006 0.279816 0.246284 0.144802 -0.123994 0.024626 -0.310352 -0.352007 -0.358667 
-0.036120 -0.037811 0.066794 0.203139 -0.023096 -0.056536 0.074119 -0.077835 -0.046937 -0.009280 -0.087641 0.032865 0.089228 -0.086077 -0.055495 -0.098651 0.032830 0.015203 0.025268 0.072184 0.088781 -0.018432 0.057085 0.099037 0.051945 0.088876 -0.029811 -0.023057 -0.103389 -0.133976 -0.118549 
-0.007688 0.068653 -0.128235 -0.465109 0.054859 0.047329 -0.091135 0.084211 0.058966 -0.005635 0.187071 -0.156615 -0.129319 0.099290 0.198151 0.103393 -0.037720 -0.004340 -0.165696 -0.141960 -0.177891 -0.054248 -0.238237 -0.226275 -0.175827 -0.150345 0.089573 -0.019477 0.278190 0.303080 0.350704 
0.024982 -0.005946 -0.009880 -0.122656 0.032757 0.021786 -0.045991 -0.037852 -0.008566 -0.050246 0.012620 -0.022452 -0.045306 0.046738 0.038484 0.040351 0.012441 0.019237 -0.005082 -0.038987 -0.041543 0.027914 -0.016304 -0.032227 -0.059761 -0.045108 -0.031243 0.045121 0.061749 0.037072 0.093256 
0.023300 -0.002943 0.056654 0.178262 -0.067808 -0.017432 0.024659 -0.051696 -0.052483 -0.020338 -0.069995 0.048295 0.088042 -0.083653 -0.122486 -0.055520 0.055106 -0.044541 0.067348 0.069724 0.035112 0.048754 0.107411 0.080605 0.097299 0.039493 -0.017981 -0.007606 -0.078633 -0.164727 -0.167757 
-0.014084 0.040990 -0.187676 -0.588331 0.097255 0.065581 -0.148075 0.093496 0.132725 -0.037334 0.159807 -0.138222 -0.130686 0.141088 0.235004 0.155132 -0.076557 -0.005052 -0.183609 -0.152775 -0.166006 -0.008141 -0.199568 -0.266465 -0.233859 -0.161815 0.102900 -0.022174 0.296087 0.347920 0.375222 
-0.019787 0.045532 -0.114333 -0.384752 0.037364 0.033884 -0.067822 0.092796 0.088790 -0.020049 0.097797 -0.046655 -0.090782 0.066906 0.155701 0.102057 -0.016306 0.026901 -0.088990 -0.113558 -0.103027 -0.051116 -0.148316 -0.187197 -0.158691 -0.072002 0.059065 -0.030385 0.174224 0.232311 0.251417 
0.048075 -0.006792 -0.042263 -0.264642 0.038891 0.002175 -0.090890 0.048016 0.020433 0.009193 0.091101 -0.093683 -0.062634 0.092342 0.082667 0.065439 -0.006836 -0.003792 -0.024340 -0.115829 -0.094403 -0.022627 -0.142553 -0.104748 -0.071689 -0.058786 0.078011 -0.037874 0.107509 0.166659 0.193133 
0.001046 0.021026 0.006967 -0.093242 -0.019765 0.002479 0.000492 -0.028412 0.032612 -0.036454 -0.011654 -0.081592 -0.007817 0.039221 0.024629 0.030755 0.032407 -0.010754 0.004557 -0.044202 -0.008371 -0.007873 -0.044482 -0.060152 -0.047568 -0.018591 0.006177 -0.028271 0.018136 0.036498 0.090938 
